              precision    recall  f1-score   support

           A       0.60      0.60      0.60         5
           F       0.84      0.90      0.87        41
          FR       0.94      0.92      0.93        65
          FT       0.00      0.00      0.00         4
           L       0.00      0.00      0.00         3
          LF       0.75      0.38      0.50         8
          MN       1.00      0.20      0.33         5
         NFR       0.75      0.60      0.67        20
           O       0.63      0.75      0.69        16
          PE       0.56      1.00      0.71         5
          PO       0.00      0.00      0.00         0
          SC       1.00      0.67      0.80         6
          SE       0.50      1.00      0.67         9
          US       0.75      1.00      0.86         9

   micro avg       0.79      0.79      0.79       196
   macro avg       0.59      0.57      0.54       196
weighted avg       0.79      0.79      0.77       196